26,1
26,3
3,2
3,1
3,3
10,224
10,214
10,4
10,164
10,122
10,298
10,16
10,216
11,8
11,20
11,6
11,18
11,10
11,24
9,4
9,6
8,16
8,11
8,2
8,3
49,4
49,3
49,2
49,1
49,0
48,3
48,2
48,1
48,0
47,3
47,2
47,1
47,0
46,5
46,4
46,3
46,2
46,1
46,0
45,4
45,3
45,2
45,1
45,0
43,5
43,4
43,3
43,2
43,1
43,0
40,5
40,4
40,3
40,2
40,1
40,0
38,5
38,4
38,3
38,2
38,1
38,0
29,5
29,1
20,3
20,2
20,1
19,3
19,2
19,1
12,3
12,2
12,1
11,29
11,27
18,1
18,3
11,25
14,1
14,3
11,19
13,1
13,3
11,17
11,11
11,7
11,5
11,3
11,2
11,1
10,313
10,285
10,235
10,229
10,201
10,199
2,2
2,1
2,3
10,175
10,157
10,155
10,143
